3
9
12
32
47
88
160
174
209
278
553
559
577
680
701
719
760
786
803
812
823
834
852
855
906
924
932
963
965
979
1002
1102
1103
1133
1136
1205
1221
1241
1257
1267
1299
1403
1423
1448
1547
1613
1653
1680
1759
1781
1819
1835
1836
2027
2033
2108
2116
2119
2504
2514
2516
2518
2527
2586
2588
2607
2611
2734
2764
2843
2852
2856
2860
2900
3164
3170
3209
3215
3223
3226
3236
3242
3243
3249
3255
3257
3258
3269
3292
3301
3302
3303
3320
3329
3352
3356
3399
3462
3737
3741
3786
3790
3801
3927
4049
4134
4181
4226
4364
4685
4713
4739
4760
4764
4766
4771
4773
4775
4788
4804
4808
4812
4826
4837
4922
5056
5089
5378
5384
5390
5404
5408
5410
5413
5432
5466
5482
5483
5603
5607
5610
5617
5645
5650
5690
5769
6057
6079
6128
6147
6167
6181
6206
6315
6327
6405
6517
6661
6677
6696
6697
6698
6718
6724
6730
6739
6740
6752
6772
6799
6802
6805
6810
6830
6848
6849
6855
6871
6876
6939
7015
7016
7018
7029
7122
7195
7203
7296
7303
7377
7418
7459
7470
7479
7489
7506
7545
7552
7602
7684
7725
7765
7794
7832
7922
7979
7992
8047
8048
8070
8075
8151
8218
8226
8251
8254
8280
8283
8334
8339
8359
8400
8402
8412
8422
8427
8434
8437
8445
8447
8455
8468
8470
8473
8495
8560
8562
8580
8612
8632
8648
8680
8708
8732
8758
8764
8767
8771
8772
8788
8796
8801
8820
8821
8849
8866
8873
8881
8887
8888
8899
8943
8970
8987
9008
9009
9031
9044
9050
9057
9063
9070
9121
9123
9136
9141
9145
9158
9186
9198
9231
9286
9299
9304
9312
9313
9316
9318
9365
9370
9371
9381
9443
9500
9506
9507
9526
9534
9541
9627
9790
9808
9824
9829
9919
9930
9943
9981
10013
10036
10143
10242
10297
10396
10429
10489
10620
10796
10838
10961
10996
11081
11232
11260
11272
11290
11351
11403
11426
11427
11492
11525
11572
11664
11776
11796
11814
11847
11878
12025
12033
12083
12093
12097
12119
12129
12161
12183
12271
12282
12301
12302
12310
12312
12322
12334
12337
12338
12353
12355
12364
12389
12392
12400
12414
12430
12479
12496
12508
12552
12570
12578
12586
12605
12611
12668
12709
12714
12731
12732
12735
12737
12741
12824
12846
12874
12876
12912
12969
13022
13030
13036
13037
13045
13046
13101
13110
13113
13155
13156
13188
13213
13259
13285
13302
13367
13415
13428
13489
13614
13649
13692
13693
13706
13767
13768
13831
13853
13886
13977
13999
14051
14061
14080
14103
14361
14543
14569
14593
14618
14638
14754
14868
14928
14956
15081
15083
15096
15108
15128
15129
15366
15389
15435
15440
15461
15493
15502
15555
15557
15600
15614
15626
15659
15704
15735
15796
15802
15830
15895
15943
15962
16010
16019
16024
16075
16086
16097
16125
16202
16247
16276
16302
16342
16468
16509
16591
16592
16629
16652
16686
16700
16713
16863
17055
17235
17253
17306
17356
17378
17385
17451
17506
17511
17551
17561
17621
17676
17716
17858
17931
18041
18042
18106
18390
18450
18451
18460
18526
18530
18624
18809
18822
18881
18978
18988
19009
19045
19108
19148
19165
19318
19323
19429
19437
19504
19515
19605
19624
19799
19871
19881
19901
19905
19949
19969
19994
20001
20055
20115
20135
20214
20259
20277
20278
20326
20355
20382
20412
20454
20473
20546
20634
20665
20676
20677
20686
20712
20742
20755
20766
20857
20860
20904
20910
20911
20956
20963
21017
21032
21040
21050
21100
21127
21211
21232
21283
21309
21334
21409
21412
21413
21453
21466
21479
21497
21508
21529
21581
21777
21804
21826
21859
21898
21928
21949
22030
22047
22295
22296
22408
22489
22612
22646
22653
22709
22750
22773
22909
22927
22987
23033
23089
23188
23314
23465
23470
23473
23481
23655
23836
23969
24164
24233
24282
24309
24516
24560
24608
24641
24651
24751
24768
24800
24806
24875
24877
24940
24953
24955
24961
24971
25019
25057
25086
25100
25211
25227
25248
25255
25353
25375
25386
25400
25406
25424
25447
25486
25512
25513
25514
25515
25534
25653
25668
25693
25697
25795
25961
25999
26042
26068
26077
26223
26277
26337
26347
26383
26479
26496
26599
26666
26727
26794
26801
26827
26832
26863
26914
27176
27192
27284
27364
27411
27425
27539
27651
27665
27699
27818
27823
28265
28343
28387
28573
28725
28753
28787
28855
28885
28886
28890
28919
29028
29061
29066
29075
29119
29124
29169
29182
29208
29222
29226
29314
29447
29484
29485
29518
29550
29551
29553
29580
29686
29687
29691
29695
29744
29802
29844
29909
29974
30027
30036
30041
30058
30083
30165
30217
30221
30247
30377
30404
30432
30491
30513
30549
30600
30633
30688
30722
30764
30766
30782
30818
30823
30860
30893
30983
31034
31042
31103
31117
31122
31127
31197
31200
31208
31216
31242
31246
31252
31257
31317
31357
31371
31389
31394
31543
31736
31775
31863
31898
31942
32097
32100
32133
32181
32204
32244
32277
32338
32475
32489
32598
32613
32709
32808
32869
33070
33083
33139
33152
33176
33185
33255
33287
33309
33363
33387
33489
33490
33491
33566
33588
33616
33650
33651
33652
33653
33654
33657
33659
33660
33661
33662
33666
33667
33668
33705
33724
33796
33828
33837
33883
33885
33915
33922
33965
33984
33993
34087
34197
34222
34224
34244
34263
34296
34343
34362
34385
34393
34549
34577
34659
34689
34694
34700
34702
34715
34779
34857
34878
34911
34927
34941
34971
34984
35032
35042
35179
35223
35244
35366
35369
35384
35415
35425
35434
35540
35592
35600
35612
35613
35699
35758
35805
35807
35816
35847
35863
35916
36001
36007
36012
36103
36146
36149
36223
36316
36352
36375
36530
36666
36849
36850
36925
36947
37002
37053
37153
37199
37271
37560
37611
37628
37680
37963
38001
38074
38195
38320
38600
38731
38826
38901
38919
38923
39020
39065
39087
39178
39184
39287
39351
39375
39392
39405
39449
39572
39608
39618
39622
39642
39647
39699
39741
39788
39798
39819
39835
39912
39927
40021
40029
40156
40181
40237
40244
40545
40662
40663
40676
40749
40788
40845
40933
40980
40994
41046
41075
41079
41108
41275
41281
41297
41421
41436
41549
41608
41634
41652
41653
41710
41733
41745
41750
41897
41960
41985
41998
42049
42065
42099
42155
42159
42165
42201
42237
42248
42259
42275
42291
42298
42306
42422
42473
42500
42532
42541
42610
42611
42675
42682
42708
42730
42763
42765
42831
42841
42885
42925
42927
42960
42961
42981
43016
43067
43118
43139
43150
43180
43273
43289
43297
43341
43350
43372
43451
43513
43541
43568
43619
43641
43653
43809
43915
43989
44034
44051
44092
44094
44133
44382
44486
44489
44512
44570
44574
44575
44679
44684
44709
44735
44770
44869
44901
44925
45007
45021
45037
45045
45090
45102
45177
45179
45382
45701
45731
45753
45758
45839
45899
45916
46015
46109
46414
46455
46475
46632
46690
46841
46844
46887
46979
47066
47111
47172
47232
47242
47288
47325
47377
47447
47474
47506
47583
47610
47638
47692
47702
47889
47890
47949
48014
48031
48078
48090
48101
48152
48161
48199
48207
48239
48266
48282
48284
48285
48314
48574
48614
48661
48675
48678
48716
48732
48753
48803
48815
48823
48900
48925
48926
48927
48971
49242
49276
49290
49372
49409
49447
49453
49505
49531
49581
49592
49601
49683
49743
49770
49791
49808
49855
49889
49981
49985
50060
50066
50245
50266
50304
50340
50360
50436
50606
50613
50629
50673
50771
50821
50825
50867
50920
50979
51083
51155
51167
51177
51184
51202
51265
51290
51395
51396
51465
51561
51579
51604
51645
51648
51659
51691
51722
51758
51765
51803
51809
51819
51847
51852
51896
51898
51978
52019
52092
52173
52209
52263
52381
52423
52524
52573
52817
53006
53072
53240
53338
53347
53486
53488
53610
53667
53850
53914
53949
54290
54415
54489
54696
54858
54936
55002
55103
55145
55286
55391
55430
55592
55685
55720
55803
55850
55900
56030
56067
56068
56153
56300
56309
56322
56329
56373
56380
56427
56433
56465
56469
56478
56508
56546
56630
56655
56668
56694
56803
56971
56985
57043
57077
57169
57197
57199
57269
57271
57393
57403
57494
57630
57712
57717
57724
57789
57793
57794
57811
57814
57860
57944
58044
58061
58087
58181
58212
58291
58329
58340
58423
58461
58507
58791
58867
58915
59253
59444
59491
59508
59642
59692
59702
59711
59716
59720
59729
59741
59790
59796
59845
59890
59891
59939
60068
60117
60131
60144
60191
60294
60377
60404
60414
60461
60522
60602
60612
60729
60781
60810
60900
61068
61098
61112
61121
61125
61138
61157
61254
61272
61323
61424
61436
61493
61900
61976
62000
62005
62068
62212
62214
62240
62248
62282
62294
62336
62365
62370
62371
62390
62563
62610
62658
62744
63018
63023
63025
63139
63213
63297
63394
63410
63414
63473
63770
63806
63859
63949
64050
64073
64236
64282
64457
131090
131207
131970
132115
132203
132280
132453
132813
132825
132986
133115
133159
133210
133398
133481
133619
133752
133776
134090
134103
134141
134351
134677
134697
134835
134963
135060
135126
135377
135478
135887
136052
136258
136557
136907
136988
137033
137266
137495
138466
138524
138754
139049
139555
139659
140224
140543
141159
141356
141995
142002
142036
142040
142108
146943
147181
149440
150436
150706
150818
150826
151660
151858
151873
152565
152900
152992
153003
153952
154177
154321
196646
196750
196883
196949
197019
197071
197078
197099
197170
197197
197422
197448
197451
197540
197561
197566
197637
197648
197695
197706
197769
197798
197895
197922
198037
198082
198093
198161
198189
198193
198288
198509
198550
198736
198825
198859
198930
198949
198953
198966
198967
198983
198985
199058
199087
199091
199173
199191
199284
199524
199636
199654
199701
199741
199811
199912
199918
199950
199959
200019
200051
200052
200088
200195
200233
200295
200303
200350
200462
200490
200514
200533
200636
200651
200713
200736
200823
200845
200904
200912
200918
200950
201265
201290
201409
201492
201577
201579
201584
201670
201730
201814
201838
201983
202004
202015
202053
202282
202329
202390
202412
202421
202422
202425
202448
202520
202539
202596
202605
202613
202616
202618
202759
202799
202870
203003
203020
203273
203363
203380
203394
203424
203446
203476
203662
203758
203778
203865
203866
203917
203919
203953
203964
204196
204272
204274
204289
204383
204548
204568
204601
204615
204666
204731
204735
204755
204770
204779
204797
204800
204876
204911
204957
205007
205021
205100
205275
205345
205431
205439
205544
205671
205673
205703
205714
205759
205766
205898
206075
206125
206134
206170
206238
206260
206264
206602
206774
206804
206978
206996
207006
207041
207043
207083
207143
207187
207267
207295
207326
207375
207459
207491
207590
207645
207656
207676
207713
207728
207790
207911
207916
207992
207995
208006
208161
208172
208208
208226
208258
208323
208674
208677
208687
208864
208909
209341
209400
209604
209605
209725
209824
209825
209874
210083
210100
210152
210162
210226
210278
210403
210464
210558
210602
210616
210644
210731
210892
210893
210976
211261
211301
211309
211381
211428
211507
211593
211619
211673
211720
211742
211882
212000
212109
212171
212219
212238
212271
212317
212323
212441
212443
212477
212500
212508
212655
212743
212835
212865
213073
213166
213186
213230
213250
213269
213281
213354
213373
213426
213438
213449
213468
213501
213520
213677
213684
213693
213790
213791
213873
213877
213896
213900
213934
214036
214094
214132
214159
214209
214286
214329
214354
214366
214379
214481
214503
214677
214790
214798
214815
214822
214854
214875
214961
214973
214996
215066
215092
215114
215120
215125
215224
215247
215248
215288
215311
215365
215381
215428
215439
215467
215540
215590
215659
215703
215730
215733
215762
215859
215898
215904
215929
215960
216063
216071
216093
216107
216127
216154
216188
216275
216322
216323
216405
216416
216475
218877
219206
219337
219399
219429
219486
262287
262799
262907
263097
263108
263263
263702
264617
264719
266124
267270
268516
269476
270013
270039
271886
271957
274011
274032
327813
327896
328364
329007
329184
329325
393227
393238
393336
393408
393458
393552
393626
393746
393886
393892
394056
394195
394380
394449
394752
394778
394996
395092
395161
395246
395337
395354
395437
395502
395555
395570
395662
395673
395748
395823
395839
395853
395876
395904
396006
396073
396141
396287
396325
396338
396356
396362
396420
396507
396948
396952
396982
397032
397142
397373
397391
397412
397422
397423
397444
397525
397545
397982
398101
398113
398242
398256
398721
398777
398844
399122
399220
399275
399331
399486
399493
399512
399619
399629
399646
399647
399760
399804
399892
399898
399989
400175
400220
400226
400238
400304
400337
400427
400439
400511
400519
400564
400587
400771
400981
400992
401104
401332
401401
401476
401478
401562
401604
401652
401720
401736
401833
401903
402106
402219
402253
402530
